Sequential Skyline Results:
74464 300.0 790.74
280895 300.2 793.77
60245 300.27 794.59
241342 300.35 796.02
169722 300.66 797.96
263791 301.12 799.7
68846 302.96 799.87
72081 312.74 799.99
30247 338.34 800.0
Sequential Execution Time: 3.7246410846710205

BBS Skyline Results:
280895 300.2 793.77
241342 300.35 796.02
263791 301.12 799.7
74464 300.0 790.74
60245 300.27 794.59
169722 300.66 797.96
68846 302.96 799.87
72081 312.74 799.99
30247 338.34 800.0
BBS Execution Time: 0.012791872024536133

Divide-and-Conquer Skyline Results:
74464 300.0 790.74
280895 300.2 793.77
60245 300.27 794.59
241342 300.35 796.02
169722 300.66 797.96
263791 301.12 799.7
68846 302.96 799.87
72081 312.74 799.99
30247 338.34 800.0
Divide-and-Conquer Execution Time: 29.866599082946777
